Reference image 1


polynomial of image 2



y = p1*x^4 + p2*x^3 +
      p3*x^2 + p4*x +
      p5 
      
      
  p1 = 0.93768;
  p2 = -1.419;
  p3 = 0.23317;
  p4 = 1.3008;
  p5 = 0.020849;


polynomial of image 3

y = p1*x^4 + p2*x^3 +
      p3*x^2 + p4*x +
      p5 

Coefficients:
  p1 = 0.96786
  p2 = -1.3296
  p3 = -0.75591
  p4 = 2.0957
  p5 = 0.061604
  
  polynomial of image 4
  
  y = p1*x^4 + p2*x^3 +
      p3*x^2 + p4*x +
      p5 

Coefficients:
  p1 = 1.0065
  p2 = 0.33957
  p3 = -3.5355
  p4 = 3.0795
  p5 = 0.11999
  
  
    polynomial of image 5
  y = p1*x^4 + p2*x^3 +
      p3*x^2 + p4*x +
      p5 

Coefficients:
  p1 = -6.2082
  p2 = 14.79
  p3 = -13.093
  p4 = 5.1674
  p5 = 0.22424
